image_width: 1920
image_height: 1080
camera_name: narrow_stereo
camera_matrix:
  rows: 3
  cols: 3
  data: [ 1368.1298828125,     0.     ,   959.869323730469,
             0.     ,  1368.58996582031,   538.503112792969,
             0.     ,     0.     ,     1.     ]
camera_model: plumb_bob
distortion_coefficients:
  rows: 1
  cols: 5
  data: [0.102917, -0.176543, 0.001016, 0.002504, 0.000000]
rectification_matrix:
  rows: 3
  cols: 3
  data: [ 1.,  0.,  0.,
          0.,  1.,  0.,
          0.,  0.,  1.]
projection_matrix:
  rows: 3
  cols: 4
  data: [ 1369.25952,     0.     ,   971.99925,     0.     ,
             0.     ,  1382.24524,   541.84729,     0.     ,
             0.     ,     0.     ,     1.     ,     0.     ]
