# oST version 5.0 parameters


[image]

width
1920

height
1080

[narrow_stereo]

camera matrix
1359.395529 0.000000 966.634029
0.000000 1360.918610 541.562752
0.000000 0.000000 1.000000

distortion
0.102917 -0.176543 0.001016 0.002504 0.000000

rectification
1.000000 0.000000 0.000000
0.000000 1.000000 0.000000
0.000000 0.000000 1.000000

projection
1369.259521 0.000000 971.999250 0.000000
0.000000 1382.245239 541.847287 0.000000
0.000000 0.000000 1.000000 0.000000
